image_width: 640
image_height: 480
camera_name: narrow_stereo
camera_matrix:
  rows: 3
  cols: 3
  data: [ 631.52071,    0.     ,  313.23463,
            0.     ,  630.20689,  268.86368,
            0.     ,    0.     ,    1.     ]
distortion_model: plumb_bob
distortion_coefficients:
  rows: 1
  cols: 5
  data: [0.110534, -0.205342, 0.013673, -0.005302, 0.000000]
rectification_matrix:
  rows: 3
  cols: 3
  data: [ 1.,  0.,  0.,
          0.,  1.,  0.,
          0.,  0.,  1.]
projection_matrix:
  rows: 3
  cols: 4
  data: [ 645.2821 ,    0.     ,  310.26341,    0.     ,
            0.     ,  640.83276,  273.98021,    0.     ,
            0.     ,    0.     ,    1.     ,    0.     ]
