kinematics:
  shoulder:
    x: 0
    y: 0
    z: 0.1809915016623285
    roll: -0
    pitch: 0
    yaw: 2.206377971401829e-07
  upper_arm:
    x: 0.0001641047793813538
    y: 0
    z: 0
    roll: 1.570911499248351
    pitch: 0
    yaw: 7.905830599023247e-07
  forearm:
    x: -0.6121645946093205
    y: 0
    z: 0
    roll: 0.002236449604415862
    pitch: 0.0006476922910982985
    yaw: 2.549899568506792e-06
  wrist_1:
    x: -0.5709336807127982
    y: 0.0001980808772996547
    z: 0.1743649082261553
    roll: 3.14045664064943
    pitch: 3.140295726075212
    yaw: -3.141592561473233
  wrist_2:
    x: 1.762040485863568e-05
    y: -0.1199537893709603
    z: 1.997986763359435e-05
    roll: 1.570629763757967
    pitch: 0
    yaw: -1.037581427403358e-06
  wrist_3:
    x: -1.237066446873873e-05
    y: 0.1156679382694906
    z: -0.0002186098759610853
    roll: 1.568906350895442
    pitch: 3.141592653589793
    yaw: 3.14159225018453
  hash: calib_2033524304989651892